diameter_coefficient: 1.3138989031890154
motor_intercept: -38.74085878574971
motor_slope: 2.3535585694303376
