diameter_coefficient: 0.3511655972784609
motor_intercept: -53.02542400003551
motor_slope: 2.601479895290644
