diameter_coefficient: 0.007517030772844727
motor_intercept: -41.69584357144
motor_slope: 2.4131546008547633
