diameter_coefficient: 0.3511655972784609
motor_intercept: -43.0120142978821
motor_slope: 2.4338492491586448
