diameter_coefficient: 0.007517030772844727
motor_intercept: -48.06786831101011
motor_slope: 2.5144584914059105
