diameter_coefficient: 0.007517030772844727
motor_intercept: -53.55173708095712
motor_slope: 2.5844808349345185
